25
3 20
3 1 2
1 3 2 3 3
1 2 2 1
2 2 3 1
2 2 2 2
1 1 2
3 1 3
2 1 2
3 2 3 2
1 1 3
3 2 3 1
1 0
2 0
3 3 3 3 3
2 2 2 3
1 2 2 2
3 2 2 2
2 3 3 3 1
2 4 2 1 3 2
1 4 3 2 2 3
1 0

3 20
15 16 10
6 1 5
19 2 11 11
9 2 1 7
16 2 15 1
12 1 13
18 3 1 18 6
5 4 20 18 3 6
20 1 15
4 2 13 14
11 1 12
14 3 20 1 2
2 3 2 11 17
1 1 20
7 1 19
8 1 18
17 1 9
13 2 10 18
10 1 4
3 4 13 13 8 8
15 1 10
1 20
1
1 0
2 0
2 1 1
1 1 2
1 1 2
1 0
2 0
2 0
1 5 2 3 1 3 1
1 0
3 2 2 1
3 3 3 1 2
3 1 2
3 0
1 3 1 2 1
3 2 2 1
3 4 3 1 1 3
2 0
1 1 3
3 2 2 2
1 15
2
1 0
1 2 2 2
2 0
1 3 3 3 1
1 1 2
2 0
3 1 3
1 2 3 2
3 2 2 2
3 2 1 2
1 4 1 1 2 2
1 2 2 3
1 1 1
2 2 1 1
3 3 2 3 1
3 10
1 2 2
4 0
6 2 6 5
1 2 4 3
2 1 6
4 1 2
3 0
5 3 5 1 3
2 2 4 6
5 2 3 5
5 2 3 1
3 10
2 1 2
1 0
2 0
1 0
1 2 2 1
1 3 1 2 1
2 1 1
2 2 2 2
1 2 1 1
2 3 2 2 1
2 1 1
1 20
2
3 1 3
1 2 1 2
1 1 4
4 0
1 0
2 1 2
3 0
2 3 3 1 2
2 2 4 1
2 2 4 1
4 0
1 2 1 4
2 3 4 4 4
4 1 3
2 0
3 0
4 2 3 3
4 0
1 1 1
3 2 2 3
23 5
1 2 2 4 3 2 4 2 1 3 2 4 2 4 3 2 1 4 4 4 4 2 4
2 3 4 4 1
4 3 3 2 1
1 0
1 0
1 0
1 1
2
2 0
20 15
4 5 4 3 1 3 3 5 5 2 4 5 2 5 1 1 1 1 3 2
3 1 1
2 2 1 2
3 2 1 1
4 1 2
3 3 5 3 3
5 0
1 1 5
1 1 1
2 1 1
3 2 4 4
5 3 1 3 4
5 0
4 1 3
3 2 5 5
4 0
10 20
1 2 3 4 5 6 7 8 9 10
3 0
6 1 6
1 0
1 1 1
7 0
2 1 2
10 1 10
5 0
8 1 8
4 1 4
10 0
5 1 5
9 0
4 0
6 0
8 0
9 1 9
3 1 3
7 1 7
2 0
3 3
1 1 1
1 0
1 0
1 0
1 4
1
1 0
1 2 1 3
2 0
3 1 2
3 20
2 4 2
2 3 3 1 4
1 1 1
1 2 3 4
1 0
2 1 1
1 1 1
4 2 1 3
4 1 2
3 2 2 3
4 2 4 3
2 1 2
2 0
2 2 4 2
1 1 1
1 0
2 0
2 1 2
4 0
3 1 2
4 0
2 9
13 13
13 1 13
13 2 13 13
13 0
13 1 13
13 1 13
13 0
13 1 13
13 0
13 1 13
2 13
2 2
2 1 2
2 0
2 0
2 3 2 2 2
2 0
2 1 2
2 0
2 1 2
2 2 2 2
2 0
2 1 2
2 0
2 1 2
5 15
1 2 3 2 2
3 2 1 1
3 3 1 1 3
2 1 2
2 1 3
3 1 1
2 1 2
2 1 1
1 0
2 3 1 2 3
2 1 2
3 0
2 1 3
3 0
2 0
3 2 1 3
1 2
2

2 0
2 1 2
1 1
2
1 3 1 2 3

1 1
2
2 3 1 2 3

3 5
2 2 2
2 1 1
1 1 1
1 1 2
2 1 1
2 2 1 2

3 20
3 2 3
2 1 2
3 2 2 2
2 1 3
1 5 1 3 3 2 1
2 0
3 4 2 1 1 1
3 2 3 1
1 1 3
3 0
2 0
3 1 1
3 1 2
2 3 2 1 3
1 2 3 1
3 0
3 2 2 3
2 1 2
2 1 3
2 0
2 0

3 19
1 1 1
1 0
1 0
1 0
1 0
1 0
1 0
1 1 1
1 1 1
1 1 1
1 1 1
1 1 1
1 1 1
1 1 1
1 1 1
1 1 1
1 2 1 1
1 2 1 1
1 2 1 1
1 2 1 1

1 1
2
1 1 1

1 20
4
18 1 11
9 1 18
13 1 9
5 1 13
6 1 5
7 2 14 6
2 2 3 7
11 1 2
8 4 15 20 8 11
17 1 8
20 2 19 17
1 3 1 20 20
19 1 1
16 1 19
12 1 16
15 1 12
3 2 3 15
14 1 3
10 1 14
4 1 10
