100
3 1 5 15 13 11
3 0 8 23 22 21
2 1 4 9 9
2 0 9 8 24
3 0 5 0 12 3
1 1 0 18
3 1 2 11 19 29
1 0 2 3
1 1 5 4
3 0 4 8 16 8
3 0 6 14 15 30
3 0 10 26 27 2
3 1 8 21 22 21
1 1 2 16
1 0 8 21
1 0 4 8
2 0 7 3 3
3 1 5 29 26 20
1 0 7 18
2 1 5 12 12
2 0 5 5 23
3 1 7 17 17 17
1 0 1 0
3 2 0 7 19 2
3 0 4 5 18 2
3 3 10 2 23 25
2 0 8 30 11
2 1 10 26 26
2 1 6 6 0
1 0 2 1
3 0 2 15 15 29
1 0 6 30
2 0 10 27 26
2 0 5 12 0
2 0 3 29 13
2 1 2 4 25
1 0 4 9
1 0 9 29
1 0 4 4
2 2 5 10 8
3 0 8 29 26 11
3 3 1 24 5 20
2 2 1 13 22
3 0 8 21 17 27
2 2 8 9 7
1 0 6 15
1 0 4 0
3 3 7 10 8 27
3 2 6 15 14 14
1 0 2 9
2 2 10 7 21
2 0 9 1 9
1 0 5 12
3 2 7 18 17 17
1 0 6 14
3 1 9 13 23 23
1 0 6 15
1 0 10 26
2 0 4 26 25
3 0 10 29 20 11
3 2 9 23 24 24
3 1 2 15 12 23
1 0 10 6
3 3 1 12 9 6
1 0 3 5
2 1 4 21 17
1 0 7 17
3 2 2 25 4 3
2 0 3 2 11
2 0 6 27 10
1 0 8 20
1 0 4 9
2 0 10 30 30
2 2 8 16 16
2 0 9 29 23
3 1 8 21 0 21
3 3 0 7 19 4
1 1 2 6
3 1 9 24 23 23
1 0 0 27
3 0 5 26 23 10
1 0 3 6
2 2 3 10 23
3 0 0 0 0 0
2 2 0 2 13
2 1 1 19 0
2 0 4 13 28
2 0 0 30 30
2 1 2 3 3
1 0 1 15
1 0 1 22
1 0 4 9
1 1 2 25
1 1 8 8
2 1 8 9 19
1 1 1 8
1 0 8 21
3 0 0 7 29 16
2 0 8 22 19
3 1 6 17 10 30
